ISS (ZARYA)             
1 25544U 98067A   23356.21354366  .00022625  00000+0  39383-3 0  9994
2 25544  51.6413 117.1614 0002662  41.3295  29.5914 15.50671209430950
ISS DEB                 
1 47853U 98067RZ  23355.46391701  .00105168  00000+0  37511-3 0  9996
2 47853  51.6285  54.3753 0002383 328.4434  31.6428 15.88069759158340
CSS (TIANHE)            
1 48274U 21035A   23355.56247269  .00047852  00000+0  49405-3 0  9995
2 48274  41.4706  94.4629 0005914  26.5846 333.5297 15.63929468151139
ISS (NAUKA)             
1 49044U 21066A   23355.55640563  .00017213  00000+0  30210-3 0  9990
2 49044  51.6392 120.4266 0002094  42.4757 317.6394 15.50635514430841
FREGAT DEB              
1 49271U 11037PF  23353.72501846  .00017843  00000+0  37705-1 0  9999
2 49271  51.6447 141.9287 1021608 103.1739 268.4953 12.11042536113306
CSS (WENTIAN)           
1 53239U 22085A   23355.37089737  .00043109  00000+0  44602-3 0  9996
2 53239  41.4703  95.6340 0005894  25.7528 334.3605 15.63911741151105
CSS (MENGTIAN)          
1 54216U 22143A   23355.37089737  .00043109  00000+0  44602-3 0  9997
2 54216  41.4703  95.6340 0005894  25.7528 334.3605 15.63911741151101
ISS DEB (SPX-26 IPA FSE)
1 55448U 98067VB  23356.23398127  .02917293  12113-4  69076-3 0  9996
2 55448  51.6135  72.7945 0004813 350.9130   9.1823 16.28849356 50921
TIANZHOU-6              
1 56446U 23063A   23355.37089737  .00043109  00000+0  44602-3 0  9996
2 56446  41.4703  95.6340 0005894  25.7528 334.3605 15.63911741151108
ISS DEB                 
1 57212U 98067VP  23355.58481297  .00057449  00000+0  57992-3 0  9992
2 57212  51.6348 111.6109 0002778   2.6044 357.4965 15.64776851 27902
1998-067VQ              
1 57312U 98067VQ  23355.58785503  .00495752  10747-3  14112-2 0  9992
2 57312  51.6264 102.5419 0005728 314.5973  45.4566 15.92708724 26328
1998-067VR              
1 57313U 98067VR  23355.52333164  .00247469  00000+0  12055-2 0  9990
2 57313  51.6304 105.9040 0004324 288.2404  71.8127 15.81116981 26285
1998-067VT              
1 57315U 98067VT  23356.11919554  .00543559  13251-3  13309-2 0  9999
2 57315  51.6247  99.3126 0006191 323.6746  36.3841 15.95522787 26426
MOONLIGHTER             
1 57316U 98067VU  23355.79337034  .00099991  00000+0  69462-3 0  9992
2 57316  51.6323 105.4666 0000848 333.0864  27.0091 15.73619582 26306
CYGNUS NG-19            
1 57488U 23110A   23355.55640563  .00017213  00000+0  30210-3 0  9993
2 57488  51.6392 120.4266 0002094  42.4757 317.6394 15.50635514430842
PROGRESS-MS 24          
1 57691U 23125A   23355.55640563  .00017213  00000+0  30210-3 0  9995
2 57691  51.6392 120.4266 0002094  42.4757 317.6394 15.50635514430848
CREW DRAGON 7           
1 57697U 23128A   23355.55640563  .00017213  00000+0  30210-3 0  9994
2 57697  51.6392 120.4266 0002094  42.4757 317.6394 15.50635514430844
SOYUZ-MS 24             
1 57862U 23143A   23355.55640563  .00017213  00000+0  30210-3 0  9995
2 57862  51.6392 120.4266 0002094  42.4757 317.6394 15.50635514430848
SHENZHOU-17 (SZ-17)     
1 58146U 23164A   23355.37089737  .00043109  00000+0  44602-3 0  9997
2 58146  41.4703  95.6340 0005894  25.7528 334.3605 15.63911741151107
ISS DEB                 
1 58174U 98067WA  23355.60180598  .00095754  00000+0  12225-2 0  9993
2 58174  51.6381 118.4727 0004334 299.0273  61.0285 15.58473838  8863
ISS DEB                 
1 58229U 98067WC  23355.61060321  .00050531  00000+0  75503-3 0  9999
2 58229  51.6384 119.2924 0002557 301.4074  58.6667 15.54512796  7641
DRAGON CRS-29           
1 58255U 23173A   23355.55640563  .00017213  00000+0  30210-3 0  9995
2 58255  51.6392 120.4266 0002094  42.4757 317.6394 15.50635514430845
PROGRESS-MS 25          
1 58460U 23184A   23355.55640563  .00017213  00000+0  30210-3 0  9995
2 58460  51.6392 120.4266 0002094  42.4757 317.6394 15.50635514430843
BEAK                    
1 58612U 98067WD  23355.61905497  .00052208  00000+0  86564-3 0  9999
2 58612  51.6397 120.0949 0003847 339.9855  20.0983 15.51611034   586
CLARK SAT-1 (AMBITIOUS) 
1 58613U 98067WE  23355.68371214  .00088114  00000+0  14479-2 0  9991
2 58613  51.6400 119.7755 0003666   4.1927 355.9093 15.51635066   563
